Year Number,Cell Numbers
1,132,148,166,189,205,209,222,225,227,242,248,263,267,285,286,301,307,328,329,330,351
